
              precision    recall  f1-score   support

         0.0     0.8735    0.9819    0.9245     42873
         1.0     0.8847    0.4939    0.6339     12051

    accuracy                         0.8748     54924
   macro avg     0.8791    0.7379    0.7792     54924
weighted avg     0.8759    0.8748    0.8607     54924


              precision    recall  f1-score   support

         0.0     0.8782    0.9979    0.9342     42873
         1.0     0.9857    0.5076    0.6701     12051

    accuracy                         0.8903     54924
   macro avg     0.9319    0.7528    0.8022     54924
weighted avg     0.9018    0.8903    0.8763     54924


              precision    recall  f1-score   support

         0.0     0.8791    0.9962    0.9340     42873
         1.0     0.9746    0.5127    0.6719     12051

    accuracy                         0.8901     54924
   macro avg     0.9269    0.7544    0.8030     54924
weighted avg     0.9001    0.8901    0.8765     54924


              precision    recall  f1-score   support

         0.0     0.8802    0.9957    0.9344     42873
         1.0     0.9714    0.5178    0.6755     12051

    accuracy                         0.8908     54924
   macro avg     0.9258    0.7568    0.8049     54924
weighted avg     0.9002    0.8908    0.8776     54924


              precision    recall  f1-score   support

         0.0     0.8803    0.9963    0.9347     42873
         1.0     0.9752    0.5181    0.6767     12051

    accuracy                         0.8914     54924
   macro avg     0.9277    0.7572    0.8057     54924
weighted avg     0.9011    0.8914    0.8781     54924


              precision    recall  f1-score   support

         0.0     0.8805    0.9964    0.9349     42873
         1.0     0.9760    0.5188    0.6775     12051

    accuracy                         0.8916     54924
   macro avg     0.9282    0.7576    0.8062     54924
weighted avg     0.9014    0.8916    0.8784     54924


              precision    recall  f1-score   support

         0.0     0.8808    0.9960    0.9349     42873
         1.0     0.9735    0.5206    0.6784     12051

    accuracy                         0.8917     54924
   macro avg     0.9272    0.7583    0.8067     54924
weighted avg     0.9012    0.8917    0.8786     54924


              precision    recall  f1-score   support

         0.0     0.8803    0.9975    0.9353     42873
         1.0     0.9833    0.5176    0.6782     12051

    accuracy                         0.8922     54924
   macro avg     0.9318    0.7576    0.8068     54924
weighted avg     0.9029    0.8922    0.8789     54924


              precision    recall  f1-score   support

         0.0     0.8808    0.9968    0.9353     42873
         1.0     0.9788    0.5203    0.6794     12051

    accuracy                         0.8923     54924
   macro avg     0.9298    0.7586    0.8073     54924
weighted avg     0.9023    0.8923    0.8791     54924


              precision    recall  f1-score   support

         0.0     0.8807    0.9978    0.9356     42873
         1.0     0.9852    0.5190    0.6798     12051

    accuracy                         0.8927     54924
   macro avg     0.9329    0.7584    0.8077     54924
weighted avg     0.9036    0.8927    0.8795     54924

loss:0.3856312930583954,0.31224486231803894,0.2968760132789612,0.2896580100059509,0.28532519936561584,0.28342053294181824,0.281239777803421,0.27935269474983215,0.2781948447227478,0.2761666178703308
acc:0.8434662818908691,0.8849164843559265,0.889777660369873,0.8908821940422058,0.8914344310760498,0.8917257189750671,0.8917500376701355,0.8922901153564453,0.8925996422767639,0.8929091691970825
val_loss:0.32659798860549927,0.30176210403442383,0.29175594449043274,0.2869882881641388,0.28420954942703247,0.2834482789039612,0.2808654010295868,0.2809079885482788,0.2800830006599426,0.2798583209514618
val_acc:0.8748270273208618,0.8903393745422363,0.890139102935791,0.8908491730690002,0.8913771510124207,0.8916138410568237,0.8917049169540405,0.8922328948974609,0.8922693133354187,0.8927426934242249
lr:0.0014374084,0.0014374084,0.0014374084,0.0014374084,0.0014374084,0.0014374084,0.0014374084,0.0014374084,0.0014374084,0.0014374084
