
              precision    recall  f1-score   support

         0.0     0.8777    0.9971    0.9336     42859
         1.0     0.9803    0.5065    0.6679     12065

    accuracy                         0.8894     54924
   macro avg     0.9290    0.7518    0.8008     54924
weighted avg     0.9002    0.8894    0.8753     54924


              precision    recall  f1-score   support

         0.0     0.8790    0.9988    0.9350     42859
         1.0     0.9915    0.5114    0.6748     12065

    accuracy                         0.8917     54924
   macro avg     0.9352    0.7551    0.8049     54924
weighted avg     0.9037    0.8917    0.8779     54924


              precision    recall  f1-score   support

         0.0     0.8796    0.9990    0.9355     42859
         1.0     0.9928    0.5145    0.6777     12065

    accuracy                         0.8925     54924
   macro avg     0.9362    0.7567    0.8066     54924
weighted avg     0.9045    0.8925    0.8789     54924


              precision    recall  f1-score   support

         0.0     0.8809    0.9974    0.9355     42859
         1.0     0.9823    0.5208    0.6807     12065

    accuracy                         0.8927     54924
   macro avg     0.9316    0.7591    0.8081     54924
weighted avg     0.9031    0.8927    0.8795     54924


              precision    recall  f1-score   support

         0.0     0.8815    0.9980    0.9362     42859
         1.0     0.9866    0.5236    0.6841     12065

    accuracy                         0.8938     54924
   macro avg     0.9341    0.7608    0.8101     54924
weighted avg     0.9046    0.8938    0.8808     54924


              precision    recall  f1-score   support

         0.0     0.8810    0.9995    0.9365     42859
         1.0     0.9965    0.5204    0.6838     12065

    accuracy                         0.8943     54924
   macro avg     0.9388    0.7600    0.8101     54924
weighted avg     0.9064    0.8943    0.8810     54924


              precision    recall  f1-score   support

         0.0     0.8829    0.9988    0.9373     42859
         1.0     0.9922    0.5292    0.6903     12065

    accuracy                         0.8957     54924
   macro avg     0.9375    0.7640    0.8138     54924
weighted avg     0.9069    0.8957    0.8830     54924


              precision    recall  f1-score   support

         0.0     0.8841    0.9985    0.9378     42859
         1.0     0.9899    0.5352    0.6947     12065

    accuracy                         0.8967     54924
   macro avg     0.9370    0.7668    0.8163     54924
weighted avg     0.9074    0.8967    0.8844     54924


              precision    recall  f1-score   support

         0.0     0.8847    0.9990    0.9384     42859
         1.0     0.9936    0.5375    0.6976     12065

    accuracy                         0.8976     54924
   macro avg     0.9391    0.7683    0.8180     54924
weighted avg     0.9086    0.8976    0.8855     54924


              precision    recall  f1-score   support

         0.0     0.8864    0.9983    0.9390     42859
         1.0     0.9887    0.5457    0.7033     12065

    accuracy                         0.8988     54924
   macro avg     0.9376    0.7720    0.8211     54924
weighted avg     0.9089    0.8988    0.8872     54924

loss:0.3174096345901489,0.27982792258262634,0.27415379881858826,0.2690081000328064,0.2651187479496002,0.2607537806034088,0.2580864131450653,0.2551492750644684,0.2523295283317566,0.24924103915691376
acc:0.8786026239395142,0.893058717250824,0.8943377137184143,0.8951706886291504,0.8958807587623596,0.8967546820640564,0.8972417116165161,0.8978561758995056,0.8988119959831238,0.8994174003601074
val_loss:0.28415071964263916,0.27818599343299866,0.2754144072532654,0.27132830023765564,0.267975777387619,0.2689480185508728,0.2647424638271332,0.2661131024360657,0.26377010345458984,0.26376983523368835
val_acc:0.8909220099449158,0.8930522203445435,0.8939443826675415,0.8941264152526855,0.8946908712387085,0.8945816159248352,0.8953281044960022,0.8952188491821289,0.8959835171699524,0.895546555519104
lr:0.012998731,0.012998731,0.012998731,0.012998731,0.012998731,0.012998731,0.012998731,0.012998731,0.012998731,0.012998731
