
              precision    recall  f1-score   support

         0.0     0.8783    0.9973    0.9340     42859
         1.0     0.9815    0.5092    0.6706     12065

    accuracy                         0.8901     54924
   macro avg     0.9299    0.7533    0.8023     54924
weighted avg     0.9010    0.8901    0.8762     54924


              precision    recall  f1-score   support

         0.0     0.8793    0.9988    0.9352     42859
         1.0     0.9917    0.5129    0.6761     12065

    accuracy                         0.8921     54924
   macro avg     0.9355    0.7558    0.8057     54924
weighted avg     0.9040    0.8921    0.8783     54924


              precision    recall  f1-score   support

         0.0     0.8806    0.9983    0.9358     42859
         1.0     0.9888    0.5191    0.6808     12065

    accuracy                         0.8931     54924
   macro avg     0.9347    0.7587    0.8083     54924
weighted avg     0.9044    0.8931    0.8798     54924


              precision    recall  f1-score   support

         0.0     0.8805    0.9994    0.9362     42859
         1.0     0.9959    0.5184    0.6818     12065

    accuracy                         0.8937     54924
   macro avg     0.9382    0.7589    0.8090     54924
weighted avg     0.9059    0.8937    0.8803     54924


              precision    recall  f1-score   support

         0.0     0.8820    0.9992    0.9369     42859
         1.0     0.9945    0.5252    0.6874     12065

    accuracy                         0.8951     54924
   macro avg     0.9383    0.7622    0.8121     54924
weighted avg     0.9067    0.8951    0.8821     54924


              precision    recall  f1-score   support

         0.0     0.8839    0.9976    0.9373     42859
         1.0     0.9846    0.5344    0.6928     12065

    accuracy                         0.8959     54924
   macro avg     0.9342    0.7660    0.8151     54924
weighted avg     0.9060    0.8959    0.8836     54924


              precision    recall  f1-score   support

         0.0     0.8840    0.9986    0.9378     42859
         1.0     0.9905    0.5344    0.6942     12065

    accuracy                         0.8966     54924
   macro avg     0.9372    0.7665    0.8160     54924
weighted avg     0.9074    0.8966    0.8843     54924


              precision    recall  f1-score   support

         0.0     0.8846    0.9988    0.9382     42859
         1.0     0.9922    0.5372    0.6970     12065

    accuracy                         0.8974     54924
   macro avg     0.9384    0.7680    0.8176     54924
weighted avg     0.9082    0.8974    0.8853     54924


              precision    recall  f1-score   support

         0.0     0.8867    0.9986    0.9393     42859
         1.0     0.9908    0.5467    0.7046     12065

    accuracy                         0.8993     54924
   macro avg     0.9388    0.7726    0.8220     54924
weighted avg     0.9096    0.8993    0.8878     54924


              precision    recall  f1-score   support

         0.0     0.8868    0.9989    0.9395     42859
         1.0     0.9929    0.5470    0.7054     12065

    accuracy                         0.8996     54924
   macro avg     0.9399    0.7730    0.8225     54924
weighted avg     0.9101    0.8996    0.8881     54924

loss:0.3027288019657135,0.2773075997829437,0.2702998220920563,0.2654028832912445,0.2618493139743805,0.2583497166633606,0.25563934445381165,0.2525290846824646,0.25044289231300354,0.2482728511095047
acc:0.8840054869651794,0.8934046626091003,0.8947610259056091,0.8956713676452637,0.8962312340736389,0.8968729972839355,0.8977423906326294,0.898625373840332,0.8992489576339722,0.8996222019195557
val_loss:0.2834234833717346,0.2738622725009918,0.27125346660614014,0.2673919200897217,0.2619013786315918,0.2645835876464844,0.26096343994140625,0.26153767108917236,0.25758251547813416,0.2570367753505707
val_acc:0.8915046453475952,0.8939989805221558,0.8946726322174072,0.8946726322174072,0.8957832455635071,0.8956740498542786,0.8966389894485474,0.8966208100318909,0.8975493311882019,0.8974947333335876
lr:0.013830114,0.013830114,0.013830114,0.013830114,0.013830114,0.013830114,0.013830114,0.013830114,0.013830114,0.013830114
