
              precision    recall  f1-score   support

         0.0     0.8802    0.9954    0.9343     42873
         1.0     0.9693    0.5181    0.6753     12051

    accuracy                         0.8907     54924
   macro avg     0.9247    0.7568    0.8048     54924
weighted avg     0.8998    0.8907    0.8774     54924


              precision    recall  f1-score   support

         0.0     0.8817    0.9964    0.9356     42873
         1.0     0.9762    0.5245    0.6824     12051

    accuracy                         0.8929     54924
   macro avg     0.9290    0.7605    0.8090     54924
weighted avg     0.9025    0.8929    0.8800     54924


              precision    recall  f1-score   support

         0.0     0.8805    0.9985    0.9358     42873
         1.0     0.9895    0.5180    0.6800     12051

    accuracy                         0.8930     54924
   macro avg     0.9350    0.7582    0.8079     54924
weighted avg     0.9044    0.8930    0.8797     54924


              precision    recall  f1-score   support

         0.0     0.8823    0.9970    0.9362     42873
         1.0     0.9804    0.5269    0.6854     12051

    accuracy                         0.8939     54924
   macro avg     0.9314    0.7620    0.8108     54924
weighted avg     0.9038    0.8939    0.8812     54924


              precision    recall  f1-score   support

         0.0     0.8833    0.9966    0.9365     42873
         1.0     0.9777    0.5314    0.6886     12051

    accuracy                         0.8945     54924
   macro avg     0.9305    0.7640    0.8125     54924
weighted avg     0.9040    0.8945    0.8821     54924


              precision    recall  f1-score   support

         0.0     0.8857    0.9908    0.9353     42873
         1.0     0.9431    0.5451    0.6909     12051

    accuracy                         0.8930     54924
   macro avg     0.9144    0.7679    0.8131     54924
weighted avg     0.8983    0.8930    0.8817     54924


              precision    recall  f1-score   support

         0.0     0.8825    0.9994    0.9373     42873
         1.0     0.9958    0.5268    0.6890     12051

    accuracy                         0.8957     54924
   macro avg     0.9391    0.7631    0.8132     54924
weighted avg     0.9074    0.8957    0.8828     54924


              precision    recall  f1-score   support

         0.0     0.8844    0.9977    0.9377     42873
         1.0     0.9852    0.5361    0.6944     12051

    accuracy                         0.8965     54924
   macro avg     0.9348    0.7669    0.8160     54924
weighted avg     0.9065    0.8965    0.8843     54924


              precision    recall  f1-score   support

         0.0     0.8852    0.9983    0.9384     42873
         1.0     0.9890    0.5395    0.6982     12051

    accuracy                         0.8977     54924
   macro avg     0.9371    0.7689    0.8183     54924
weighted avg     0.9080    0.8977    0.8857     54924


              precision    recall  f1-score   support

         0.0     0.8859    0.9970    0.9382     42873
         1.0     0.9810    0.5433    0.6993     12051

    accuracy                         0.8975     54924
   macro avg     0.9334    0.7702    0.8187     54924
weighted avg     0.9068    0.8975    0.8858     54924

loss:0.32754892110824585,0.2800302803516388,0.27565062046051025,0.27203112840652466,0.26976266503334045,0.267318993806839,0.26450884342193604,0.26345282793045044,0.2549940347671509,0.25142258405685425
acc:0.8710249066352844,0.8919017314910889,0.8930062651634216,0.8938680291175842,0.8943110704421997,0.8948754668235779,0.895664393901825,0.8962773680686951,0.8986806273460388,0.899530291557312
val_loss:0.28489556908607483,0.27739542722702026,0.2727806270122528,0.2713400423526764,0.2699946165084839,0.27059653401374817,0.27977487444877625,0.2704361379146576,0.2579052448272705,0.25774085521698
val_acc:0.8906670808792114,0.8928701281547546,0.8930339813232422,0.8938897252082825,0.8945269584655762,0.8929793834686279,0.8956740498542786,0.8964568972587585,0.8976585865020752,0.8974764943122864
lr:0.06195252,0.06195252,0.06195252,0.06195252,0.06195252,0.06195252,0.06195252,0.06195252,0.012390504,0.012390504
